0,2,3,4,5,8,1,6,7
1,2,3,4,5,8,1,6,7
2,2,3,4,5,8,1,6,7
3,2,3,4,5,8,1,6,7
4,2,3,4,5,8,1,6,7
5,2,3,4,5,8,1,6,7
6,2,3,4,5,8,1,6,7
7,2,3,4,5,8,1,6,7
8,2,3,4,5,8,1,6,7
9,2,3,4,5,8,1,6,7
10,2,3,4,5,8,1,6,7
11,2,3,4,5,8,1,6,7
12,2,3,4,5,8,1,6,7
13,2,3,4,5,8,1,6,7
14,2,3,4,5,8,1,6,7
15,2,3,4,5,8,1,6,7
16,2,3,4,5,8,1,6,7
17,2,3,4,5,8,1,6,7
18,2,3,4,5,8,1,6,7
19,2,3,4,5,8,1,6,7
20,2,3,4,5,8,1,6,7
21,2,3,4,5,8,1,6,7
22,2,3,4,5,8,1,6,7
23,2,3,4,5,8,1,6,7
24,2,3,4,5,8,1,6,7
25,2,3,4,5,8,1,6,7
26,2,3,4,5,8,1,6,7
27,2,3,4,5,8,1,6,7
28,2,3,4,5,8,1,6,7
29,2,3,4,5,8,1,6,7
30,2,3,4,5,8,1,6,7
31,2,3,4,5,8,1,6,7
32,2,3,4,5,8,1,6,7
33,2,3,4,5,8,1,6,7
34,2,3,4,5,8,1,6,7
35,2,3,4,5,8,1,6,7
36,2,3,4,5,8,1,6,7
37,2,3,4,5,8,1,6,7
38,2,3,4,5,8,1,6,7
39,2,3,4,5,8,1,6,7
40,2,3,4,5,8,1,6,7
41,2,3,5,4,8,1,6,7
42,2,3,5,4,8,1,6,7
43,2,3,5,4,8,1,6,7
44,2,3,5,4,8,1,6,7
45,2,3,5,4,8,1,6,7
46,2,3,5,4,8,1,6,7
47,2,3,5,4,8,1,6,7
48,2,3,5,4,8,1,6,7
49,2,3,5,4,8,1,6,7
50,2,3,5,4,8,1,6,7
51,2,3,5,4,8,1,6,7
52,2,3,5,4,8,1,6,7
53,2,3,5,4,8,1,6,7
54,2,3,5,4,8,1,6,7
55,2,3,5,4,8,1,6,7
56,2,3,5,4,8,1,6,7
57,2,3,5,4,8,1,6,7
58,2,3,5,4,8,1,6,7
59,2,3,5,4,8,1,6,7
60,2,3,5,4,8,1,6,7
61,2,3,5,4,8,1,6,7
62,2,3,5,4,8,1,6,7
63,2,3,5,4,8,1,6,7
64,2,3,5,4,8,1,6,7
65,2,3,5,4,8,1,6,7
66,2,3,5,4,8,1,6,7
67,2,3,5,4,8,1,6,7
68,2,3,5,4,8,1,6,7
69,2,3,5,4,8,1,6,7
70,2,3,5,4,8,1,6,7
71,2,3,5,4,8,1,6,7
72,2,3,5,4,8,1,6,7
73,2,3,5,4,8,1,6,7
74,2,3,5,4,8,1,6,7
75,2,3,5,4,8,1,6,7
76,2,3,5,4,8,1,6,7
77,2,3,5,4,8,1,6,7
78,2,3,5,4,8,1,6,7
79,2,3,5,4,8,1,6,7
80,2,3,5,4,8,1,6,7
81,2,3,5,4,8,1,6,7
82,2,3,5,4,8,1,6,7
83,2,3,5,4,8,1,6,7
84,2,3,5,4,8,1,6,7
85,2,3,5,4,8,1,6,7
86,2,3,5,4,8,1,6,7
87,2,3,5,4,8,1,6,7
88,2,3,5,4,8,1,6,7
89,2,3,5,4,8,1,6,7
90,2,3,5,4,8,1,6,7
91,2,3,5,4,8,1,6,7
92,2,3,5,4,8,1,6,7
93,2,3,5,4,8,1,6,7
94,2,3,5,4,8,1,6,7
95,2,3,5,4,8,1,6,7
96,2,3,5,4,8,1,6,7
97,2,3,5,4,8,1,6,7
98,2,3,5,4,8,1,6,7
99,2,3,5,4,8,1,6,7
100,2,3,5,4,8,1,6,7
101,2,3,5,4,8,1,6,7
102,2,3,5,4,8,1,6,7
103,2,3,5,4,8,1,6,7
104,2,3,5,4,8,1,6,7
105,2,3,5,4,8,1,6,7
106,2,3,5,4,8,1,6,7
107,2,3,5,4,8,1,6,7
108,2,3,5,4,8,1,6,7
109,2,3,5,4,8,1,6,7
110,2,3,5,4,8,1,6,7
111,2,3,5,4,8,1,6,7
112,2,3,5,4,8,1,6,7
113,2,3,5,4,8,1,6,7
114,2,3,5,4,8,1,6,7
115,2,3,5,4,8,1,6,7
116,2,3,5,4,8,1,6,7
117,2,3,5,4,8,1,6,7
118,2,3,5,4,8,1,6,7
119,2,3,5,4,8,1,6,7
120,2,3,5,4,8,1,6,7
121,2,3,5,4,8,1,6,7
122,2,3,5,4,8,1,6,7
123,2,3,5,4,8,1,6,7
124,2,3,5,4,8,1,6,7
125,2,3,5,4,8,1,6,7
126,2,3,5,4,8,1,6,7
127,2,3,5,4,8,1,6,7
128,2,3,5,4,8,1,6,7
129,2,3,5,4,8,1,6,7
130,2,3,5,4,8,1,6,7
131,2,3,5,4,8,1,6,7
132,2,3,5,4,8,1,6,7
133,2,3,5,4,8,1,6,7
134,2,3,5,4,8,1,6,7
135,2,3,5,4,8,1,6,7
136,2,3,5,4,8,1,6,7
137,2,3,5,4,8,1,6,7
138,2,3,5,4,8,1,6,7
139,2,3,5,4,8,1,6,7
140,2,3,5,4,8,1,6,7
141,2,3,5,4,8,1,6,7
142,2,3,5,4,8,1,6,7
143,2,3,5,4,8,1,6,7
144,2,3,5,4,8,1,6,7
145,2,3,5,4,8,1,6,7
146,2,3,5,4,8,1,6,7
147,2,3,5,4,8,1,6,7
148,2,3,5,4,8,1,6,7
149,2,3,5,4,8,1,6,7
150,2,3,5,4,8,1,6,7
151,2,3,5,4,8,1,6,7
152,2,3,5,4,8,1,6,7
153,2,3,5,4,8,1,6,7
154,2,3,5,4,8,1,6,7
155,2,3,5,4,8,1,6,7
156,2,3,5,4,8,1,6,7
157,2,3,5,4,8,1,6,7
158,2,3,5,4,8,1,6,7
159,2,3,5,4,8,1,6,7
160,2,3,5,4,8,1,6,7
161,2,3,5,4,8,1,6,7
162,2,3,5,4,8,1,6,7
163,2,3,5,4,8,1,6,7
164,2,3,5,4,8,1,6,7
165,2,3,5,4,8,1,6,7
166,2,3,5,4,8,1,6,7
167,2,3,5,4,8,1,6,7
168,2,3,5,4,8,1,6,7
169,2,3,5,4,8,1,6,7
170,2,3,5,4,8,1,6,7
171,2,3,5,4,8,1,6,7
172,2,3,5,4,8,1,6,7
173,2,3,5,4,8,1,6,7
174,2,3,5,4,8,1,6,7
175,2,3,5,4,8,1,6,7
176,2,3,5,4,8,1,6,7
177,2,3,5,4,8,1,6,7
178,2,3,5,4,8,1,6,7
179,2,3,5,4,8,1,6,7
180,2,3,5,4,8,1,6,7
181,2,3,5,4,8,1,6,7
182,2,3,5,4,8,1,6,7
183,2,3,5,4,8,1,6,7
184,2,3,5,4,8,1,6,7
185,2,3,5,4,8,1,6,7
186,2,3,5,4,8,1,6,7
187,2,3,5,4,8,1,6,7
188,2,3,5,4,8,1,6,7
189,2,3,5,4,8,1,6,7
190,2,3,5,4,8,1,6,7
191,2,3,5,4,8,1,6,7
192,2,3,5,4,8,1,6,7
193,2,3,5,4,8,1,6,7
194,2,3,5,4,8,1,6,7
195,2,3,5,4,8,1,6,7
196,2,3,5,4,8,1,6,7
197,2,3,5,4,8,1,6,7
198,2,3,5,4,8,1,6,7
199,2,3,5,4,8,1,6,7
200,2,3,5,4,8,1,6,7
201,2,3,5,4,8,1,6,7
202,2,3,5,4,8,1,6,7
203,2,3,5,4,8,1,6,7
204,2,3,5,4,8,1,6,7
205,2,3,5,4,8,1,6,7
206,2,3,5,4,8,1,6,7
207,2,3,5,4,8,1,6,7
208,2,3,5,4,8,1,6,7
209,2,3,5,4,8,1,6,7
210,2,3,5,4,8,1,6,7
211,2,3,5,4,8,1,6,7
212,2,3,5,4,8,1,6,7
213,2,3,5,4,8,1,6,7
214,2,3,5,4,8,1,6,7
215,2,3,5,4,8,1,6,7
216,2,3,5,4,8,1,6,7
217,2,3,5,4,8,1,6,7
218,2,3,5,4,8,1,6,7
219,2,3,5,4,8,1,6,7
220,2,3,5,4,8,1,6,7
221,2,3,5,4,8,1,6,7
222,2,3,5,4,8,1,6,7
223,2,3,5,4,8,1,6,7
224,2,3,5,4,8,1,6,7
225,2,3,5,4,8,1,6,7
226,2,3,5,4,8,1,6,7
227,2,3,5,4,8,1,6,7
228,2,3,5,4,8,1,6,7
229,2,3,5,4,8,1,6,7
230,2,3,5,4,8,1,6,7
231,2,3,5,4,8,1,6,7
232,2,3,5,4,8,1,6,7
233,2,3,5,4,8,1,6,7
234,2,3,5,4,8,1,6,7
235,2,3,5,4,8,1,6,7
236,2,3,5,4,8,1,6,7
237,2,3,5,4,8,1,6,7
238,2,3,5,4,8,1,6,7
239,2,3,5,4,8,1,6,7
240,2,3,5,4,8,1,6,7
241,2,3,5,4,8,1,6,7
242,2,3,5,4,8,1,6,7
243,2,3,5,4,8,1,6,7
244,2,3,5,4,8,1,6,7
245,2,3,5,4,8,1,6,7
246,2,3,5,4,8,1,6,7
247,2,3,5,4,8,1,6,7
248,2,3,5,4,8,1,6,7
249,2,3,5,4,8,1,6,7
250,2,3,5,4,8,1,6,7
251,2,3,5,4,8,1,6,7
252,2,3,5,4,8,1,6,7
253,2,3,5,4,8,1,6,7
254,2,3,5,4,8,1,6,7
255,2,3,5,4,8,1,6,7
256,2,3,5,4,8,1,6,7
257,2,3,5,4,8,1,6,7
258,2,3,5,4,8,1,6,7
259,2,3,5,4,8,1,6,7
260,2,3,5,4,8,1,6,7
261,2,3,5,4,8,1,6,7
262,2,3,5,4,8,1,6,7
263,2,3,5,4,8,1,6,7
264,2,3,5,4,8,1,6,7
265,2,3,5,4,8,1,6,7
266,2,3,5,4,8,1,6,7
267,2,3,5,4,8,1,6,7
268,2,3,5,4,8,1,6,7
269,2,3,5,4,8,1,6,7
270,2,3,5,4,8,1,6,7
271,2,3,5,4,8,1,6,7
272,2,3,5,4,8,1,6,7
273,2,3,5,4,8,1,6,7
274,2,3,5,4,8,1,6,7
275,2,3,5,4,8,1,6,7
276,2,3,5,4,8,1,6,7
277,2,3,5,4,8,1,6,7
278,2,3,5,4,8,1,6,7
279,2,3,5,4,8,1,6,7
280,2,3,5,4,8,1,6,7
281,2,3,5,4,8,1,6,7
282,2,3,5,4,8,1,6,7
283,2,3,5,4,8,1,6,7
284,2,3,5,4,8,1,6,7
285,2,3,5,4,8,1,6,7
286,2,3,5,4,8,1,6,7
287,2,3,5,4,8,1,6,7
288,2,3,5,4,8,1,6,7
289,2,3,5,4,8,1,6,7
290,2,3,5,4,8,1,6,7
291,2,3,5,4,8,1,6,7
292,2,3,5,4,8,1,6,7
293,2,3,5,4,8,1,6,7
294,2,3,5,4,8,1,6,7
295,2,3,5,4,8,1,6,7
296,2,3,5,4,8,1,6,7
297,2,3,5,4,8,1,6,7
298,2,3,5,4,8,1,6,7
299,2,3,5,4,8,1,6,7
300,2,3,5,4,8,1,6,7
301,2,3,5,4,8,1,6,7
302,2,3,5,4,8,1,6,7
303,2,3,5,4,8,1,6,7
304,2,3,5,4,8,1,6,7
305,2,3,5,4,8,1,6,7
306,2,3,5,4,8,1,6,7
307,2,3,5,4,8,1,6,7
308,2,3,5,4,8,1,6,7
309,2,3,5,4,8,1,6,7
310,2,3,5,4,8,1,6,7
311,2,3,5,4,8,1,6,7
312,2,3,5,4,8,1,6,7
313,2,3,5,4,8,1,6,7
314,2,3,5,4,8,1,6,7
315,2,3,5,4,8,1,6,7
316,2,3,5,4,8,1,6,7
317,2,3,5,4,8,1,6,7
318,2,3,5,4,8,1,6,7
319,2,3,6,4,8,1,5,7
320,2,3,6,4,8,1,5,7
321,2,3,6,4,8,1,5,7
322,2,3,6,4,8,1,5,7
323,2,3,6,4,8,1,5,7
324,2,3,6,4,8,1,5,7
325,2,3,6,4,8,1,5,7
326,2,3,6,4,8,1,5,7
327,2,3,6,4,8,1,5,7
328,2,3,6,4,8,1,5,7
329,2,3,6,4,8,1,5,7
330,2,3,6,4,8,1,5,7
331,2,3,6,4,8,1,5,7
332,2,3,6,4,8,1,5,7
333,2,3,6,4,8,1,5,7
334,2,3,6,4,8,1,5,7
335,2,3,6,4,8,1,5,7
336,2,3,6,4,8,1,5,7
337,2,3,6,4,8,1,5,7
338,2,3,6,4,8,1,5,7
339,2,3,6,4,8,1,5,7
340,2,3,6,4,8,1,5,7
341,2,3,6,4,8,1,5,7
342,2,3,6,4,8,1,5,7
343,2,3,6,4,8,1,5,7
344,2,3,6,4,8,1,5,7
345,2,3,6,4,8,1,5,7
346,2,3,6,4,8,1,5,7
347,2,3,6,4,8,1,5,7
348,2,3,6,4,8,1,5,7
349,2,3,6,4,8,1,5,7
350,2,3,6,4,8,1,5,7
351,2,3,6,4,8,1,5,7
352,2,3,6,4,8,1,5,7
353,2,3,6,4,8,1,5,7
354,2,3,6,4,8,1,5,7
355,2,3,6,4,8,1,5,7
356,2,3,6,4,8,1,5,7
357,2,3,6,4,8,1,5,7
358,2,3,6,4,8,1,5,7
359,2,3,6,4,8,1,5,7
360,2,3,6,4,8,1,5,7
361,2,3,6,4,8,1,5,7
362,2,3,6,4,8,1,5,7
363,2,3,6,4,8,1,5,7
364,2,3,6,4,8,1,5,7
365,2,3,6,4,8,1,5,7
366,2,3,6,4,8,1,5,7
367,2,3,6,4,8,1,5,7
368,2,3,6,4,8,1,5,7
369,2,3,6,4,8,1,5,7
370,2,3,6,4,8,1,5,7
371,2,3,6,4,8,1,5,7
372,2,3,6,4,8,1,5,7
373,2,3,6,4,8,1,5,7
374,2,3,6,4,8,1,5,7
375,2,3,6,4,8,1,5,7
376,2,3,6,4,8,1,5,7
377,2,3,6,4,8,1,5,7
378,2,3,6,4,8,1,5,7
379,2,3,6,4,8,1,5,7
380,2,3,6,4,8,1,5,7
381,2,3,6,4,8,1,5,7
382,2,3,6,4,8,1,5,7
383,2,3,6,4,8,1,5,7
384,2,3,6,4,8,1,5,7
385,2,3,6,4,8,1,5,7
386,2,3,6,4,8,1,5,7
387,2,3,6,4,8,1,5,7
388,2,3,6,4,8,1,5,7
389,2,3,6,4,8,1,5,7
390,2,3,6,4,8,1,5,7
391,2,3,6,4,8,1,5,7
392,2,3,6,4,8,1,5,7
393,2,3,6,4,8,1,5,7
394,2,3,6,4,8,1,5,7
395,2,3,6,4,8,1,5,7
396,2,3,6,4,8,1,5,7
397,2,3,6,4,8,1,5,7
398,2,3,6,4,8,1,5,7
399,2,3,6,4,8,1,5,7
400,2,3,6,4,8,1,5,7
401,2,3,6,4,8,1,5,7
402,2,3,6,4,8,1,5,7
403,2,3,6,4,8,1,5,7
404,2,3,6,4,8,1,5,7
405,2,3,6,4,8,1,5,7
406,2,3,6,4,8,1,5,7
407,2,3,6,4,8,1,5,7
408,2,3,6,4,8,1,5,7
409,2,3,6,4,8,1,5,7
410,2,3,6,4,8,1,5,7
411,2,3,6,4,8,1,5,7
412,2,3,6,4,8,1,5,7
413,2,3,6,4,8,1,5,7
414,2,3,6,4,8,1,5,7
415,2,3,6,4,8,1,5,7
416,2,3,6,4,8,1,5,7
417,2,3,6,4,8,1,5,7
418,2,3,6,4,8,1,5,7
419,2,3,6,4,8,1,5,7
420,2,3,6,4,8,1,5,7
421,2,3,6,4,8,1,5,7
422,2,3,6,4,8,1,5,7
423,2,3,6,4,8,1,5,7
424,2,3,6,4,8,1,5,7
425,2,3,6,4,8,1,5,7
426,2,3,6,4,8,1,5,7
427,2,3,6,4,8,1,5,7
428,2,3,6,4,8,1,5,7
429,2,3,6,4,8,1,5,7
430,2,3,6,4,8,1,5,7
431,2,3,6,4,8,1,5,7
432,2,3,6,4,8,1,5,7
433,2,3,6,4,8,1,5,7
434,2,3,6,4,8,1,5,7
435,2,3,6,4,8,1,5,7
436,2,3,6,4,8,1,5,7
437,2,3,6,4,8,1,5,7
438,2,3,6,4,8,1,5,7
439,2,3,6,4,8,1,5,7
440,2,3,6,4,8,1,5,7
441,2,3,6,4,8,1,5,7
442,2,3,6,4,8,1,5,7
443,2,3,6,4,8,1,5,7
444,2,3,6,4,8,1,5,7
445,2,3,6,4,8,1,5,7
446,2,3,6,4,8,1,5,7
447,2,3,6,4,8,1,5,7
448,2,3,6,4,8,1,5,7
449,2,3,6,4,8,1,5,7
450,2,3,6,4,8,1,5,7
451,2,3,6,4,8,1,5,7
452,2,3,6,4,8,1,5,7
453,2,3,6,4,8,1,5,7
454,2,3,6,4,8,1,5,7
455,2,3,6,4,8,1,5,7
456,2,3,6,4,8,1,5,7
457,2,3,6,4,8,1,5,7
458,2,3,6,4,8,1,5,7
459,2,3,6,4,8,1,5,7
460,2,3,6,4,8,1,5,7
461,2,3,6,4,8,1,5,7
462,2,3,6,4,8,1,5,7
463,2,3,6,4,8,1,5,7
464,2,3,6,4,8,1,5,7
465,2,3,6,4,8,1,5,7
466,2,3,6,4,8,1,5,7
467,2,3,6,4,8,1,5,7
468,2,3,6,4,8,1,5,7
469,2,3,6,4,8,1,5,7
470,2,3,6,4,8,1,5,7
471,2,3,6,4,8,1,5,7
472,2,3,6,4,8,1,5,7
473,2,3,6,4,8,1,5,7
474,2,3,6,4,8,1,5,7
475,2,3,6,4,8,1,5,7
476,2,3,6,4,8,1,5,7
477,2,3,6,4,8,1,5,7
478,2,3,6,4,8,1,5,7
479,2,3,6,4,8,1,5,7
480,2,3,6,4,8,1,5,7
481,2,3,6,4,8,1,5,7
482,2,3,6,4,8,1,5,7
483,2,3,6,4,8,1,5,7
484,2,3,6,4,8,1,5,7
485,2,3,6,4,8,1,5,7
486,2,3,6,4,8,1,5,7
487,2,3,6,4,8,1,5,7
488,2,3,6,4,8,1,5,7
489,2,3,6,4,8,1,5,7
490,2,3,6,4,8,1,5,7
491,2,3,6,4,8,1,5,7
492,2,3,6,4,8,1,5,7
493,2,3,6,4,8,1,5,7
494,2,3,6,4,8,1,5,7
495,2,3,6,4,8,1,5,7
496,2,3,6,4,8,1,5,7
497,2,3,7,4,8,1,5,6
498,2,3,7,4,8,1,5,6
499,2,3,7,4,8,1,5,6
500,2,3,7,4,8,1,5,6
501,2,3,7,4,8,1,5,6
502,2,3,7,4,8,1,5,6
503,2,3,7,4,8,1,5,6
504,2,3,7,4,8,1,5,6
505,2,3,7,4,8,1,5,6
506,2,3,7,4,8,1,5,6
507,2,3,7,4,8,1,5,6
508,2,3,7,4,8,1,5,6
509,2,3,7,4,8,1,5,6
510,2,3,7,4,8,1,5,6
511,2,3,7,4,8,1,5,6
512,2,3,7,4,8,1,5,6
513,2,3,7,4,8,1,5,6
514,2,3,7,4,8,1,5,6
515,2,3,7,4,8,1,5,6
516,2,3,7,4,8,1,5,6
517,2,3,7,4,8,1,5,6
518,2,3,7,4,8,1,5,6
519,2,3,7,4,8,1,5,6
520,2,3,7,4,8,1,5,6
521,2,3,7,4,8,1,5,6
522,2,3,7,4,8,1,5,6
523,2,3,7,4,8,1,5,6
524,2,3,7,4,8,1,5,6
525,2,3,7,4,8,1,5,6
526,2,3,7,4,8,1,5,6
527,2,3,7,4,8,1,5,6
528,2,3,7,4,8,1,5,6
529,2,3,7,4,8,1,5,6
530,2,3,7,4,8,1,5,6
531,2,3,7,4,8,1,5,6
532,2,3,7,4,8,1,5,6
533,2,3,7,4,8,1,5,6
534,2,3,7,4,8,1,5,6
535,2,3,7,4,8,1,5,6
536,2,3,7,4,8,1,5,6
537,2,3,7,4,8,1,5,6
538,2,3,7,4,8,1,5,6
539,2,3,7,4,8,1,5,6
540,2,3,7,4,8,1,5,6
541,2,3,7,4,8,1,5,6
542,2,3,7,4,8,1,5,6
543,2,3,7,4,8,1,5,6
544,2,3,7,4,8,1,5,6
545,2,3,7,4,8,1,5,6
546,2,3,7,4,8,1,5,6
547,2,3,7,4,8,1,5,6
548,2,3,7,4,8,1,5,6
549,2,3,7,4,8,1,5,6
550,2,3,7,4,8,1,5,6
551,2,3,7,4,8,1,5,6
552,2,3,7,4,8,1,5,6
553,2,3,7,4,8,1,5,6
554,2,3,7,4,8,1,5,6
555,2,3,7,4,8,1,5,6
556,2,3,7,4,8,1,5,6
557,2,3,7,4,8,1,5,6
558,2,3,7,4,8,1,5,6
559,2,3,7,4,8,1,5,6
560,2,3,7,4,8,1,5,6
561,2,3,7,4,8,1,5,6
562,2,3,7,4,8,1,5,6
563,2,3,7,4,8,1,5,6
564,2,3,7,4,8,1,5,6
565,2,3,7,4,8,1,5,6
566,2,3,7,4,8,1,5,6
567,2,3,7,4,8,1,5,6
568,2,3,7,4,8,1,5,6
569,2,3,7,4,8,1,5,6
570,2,3,7,4,8,1,5,6
571,2,3,7,4,8,1,5,6
572,2,3,7,4,8,1,5,6
573,2,3,7,4,8,1,5,6
574,2,3,7,4,8,1,5,6
575,2,3,7,4,8,1,5,6
576,2,3,7,4,8,1,5,6
577,2,3,7,4,8,1,5,6
578,2,3,7,4,8,1,5,6
579,2,3,7,4,8,1,5,6
580,2,3,7,4,8,1,5,6
581,2,3,7,4,8,1,5,6
582,2,3,7,4,8,1,5,6
583,2,3,7,4,8,1,5,6
584,2,3,7,4,8,1,5,6
585,2,3,7,4,8,1,5,6
586,2,3,7,4,8,1,5,6
587,2,3,7,4,8,1,5,6
588,2,3,7,4,8,1,5,6
589,2,3,7,4,8,1,5,6
590,2,3,7,4,8,1,5,6
591,2,3,7,4,8,1,5,6
592,2,3,7,4,8,1,5,6
593,2,3,7,4,8,1,5,6
594,2,3,7,4,8,1,5,6
595,2,3,7,4,8,1,5,6
596,2,3,7,4,8,1,5,6
597,2,3,7,4,8,1,5,6
598,2,3,7,4,8,1,5,6
599,2,3,7,4,8,1,5,6
600,2,3,7,4,8,1,5,6
601,2,3,7,4,8,1,5,6
602,2,3,7,4,8,1,5,6
603,2,3,7,4,8,1,5,6
604,2,3,7,4,8,1,5,6
605,2,3,7,4,8,1,5,6
606,2,3,7,4,8,1,5,6
607,2,3,7,4,8,1,5,6
608,2,3,7,4,8,1,5,6
609,2,3,7,4,8,1,5,6
610,2,3,7,4,8,1,5,6
611,2,3,7,4,8,1,5,6
612,2,3,7,4,8,1,5,6
613,2,3,7,4,8,1,5,6
614,2,3,7,4,8,1,5,6
615,2,3,7,4,8,1,5,6
616,2,3,7,4,8,1,5,6
617,2,3,7,4,8,1,5,6
618,2,3,7,4,8,1,5,6
619,2,3,7,4,8,1,5,6
620,2,3,7,4,8,1,5,6
621,2,3,7,4,8,1,5,6
622,2,3,7,4,8,1,5,6
623,2,3,7,4,8,1,5,6
624,2,3,7,4,8,1,5,6
625,2,3,7,4,8,1,5,6
626,2,3,7,4,8,1,5,6
627,2,3,7,4,8,1,5,6
628,2,3,7,4,8,1,5,6
629,2,3,7,4,8,1,5,6
630,2,3,7,4,8,1,5,6
631,2,3,7,4,8,1,5,6
632,2,3,7,4,8,1,5,6
633,2,3,7,4,8,1,5,6
634,2,3,7,4,8,1,5,6
635,2,3,7,4,8,1,5,6
636,2,3,7,4,8,1,5,6
637,2,3,7,4,8,1,5,6
638,2,3,7,4,8,1,5,6
639,2,3,7,4,8,1,5,6
640,2,3,7,4,8,1,5,6
641,2,3,7,4,8,1,5,6
642,2,3,7,4,8,1,5,6
643,2,3,7,4,8,1,5,6
644,2,3,7,4,8,1,5,6
645,2,3,7,4,8,1,5,6
646,2,3,7,4,8,1,5,6
647,2,3,7,4,8,1,5,6
648,2,3,7,4,8,1,5,6
649,2,3,7,4,8,1,5,6
650,2,3,7,4,8,1,5,6
651,2,3,7,4,8,1,5,6
652,2,3,7,4,8,1,5,6
653,2,3,7,4,8,1,5,6
654,2,3,7,4,8,1,5,6
655,2,3,7,4,8,1,5,6
656,2,3,7,4,8,1,5,6
657,2,3,7,4,8,1,5,6
658,2,3,7,4,8,1,5,6
659,2,3,7,4,8,1,5,6
660,2,3,7,4,8,1,5,6
661,2,3,7,4,8,1,5,6
662,2,3,7,4,8,1,5,6
663,2,3,7,4,8,1,5,6
664,2,3,7,4,8,1,5,6
665,2,3,7,4,8,1,5,6
666,2,3,7,4,8,1,5,6
667,2,3,7,4,8,1,5,6
668,2,3,7,4,8,1,5,6
669,2,3,7,4,8,1,5,6
670,2,3,7,4,8,1,5,6
671,2,3,7,4,8,1,5,6
672,2,3,7,4,8,1,5,6
673,2,3,7,4,8,1,5,6
674,2,3,7,4,8,1,5,6
675,2,3,7,4,8,1,5,6
676,2,3,7,4,8,1,5,6
677,2,3,7,4,8,1,5,6
678,2,3,7,4,8,1,5,6
679,2,3,7,4,8,1,5,6
680,2,3,7,4,8,1,5,6
681,2,3,7,4,8,1,5,6
682,2,3,7,4,8,1,5,6
683,2,3,7,4,8,1,5,6
684,2,3,7,4,8,1,5,6
685,2,3,7,4,8,1,5,6
686,2,3,7,4,8,1,5,6
687,2,3,7,4,8,1,5,6
688,2,3,7,4,8,1,5,6
689,2,3,7,4,8,1,5,6
690,2,3,7,4,8,1,5,6
691,2,3,7,4,8,1,5,6
692,2,3,7,4,8,1,5,6
693,2,3,7,4,8,1,5,6
694,2,3,7,4,8,1,5,6
695,2,3,7,4,8,1,5,6
696,2,3,7,4,8,1,5,6
697,2,3,7,4,8,1,5,6
698,2,3,7,4,8,1,5,6
699,2,3,7,4,8,1,5,6
700,2,3,7,4,8,1,5,6
701,2,3,7,4,8,1,5,6
702,2,3,7,4,8,1,5,6
703,2,3,7,4,8,1,5,6
704,2,3,7,4,8,1,5,6
705,2,3,7,4,8,1,5,6
706,2,3,7,4,8,1,5,6
707,2,3,7,4,8,1,5,6
708,2,3,7,4,8,1,5,6
709,2,3,7,4,8,1,5,6
710,2,3,7,4,8,1,5,6
711,2,3,7,4,8,1,5,6
712,2,3,7,4,8,1,5,6
713,2,3,7,4,8,1,5,6
714,2,3,7,4,8,1,5,6
715,2,3,7,4,8,1,5,6
716,2,3,7,4,8,1,5,6
717,2,3,7,4,8,1,5,6
718,2,3,7,4,8,1,5,6
719,2,3,7,4,8,1,5,6
720,2,3,7,4,8,1,5,6
721,2,3,7,4,8,1,5,6
722,2,3,7,4,8,1,5,6
723,2,3,7,4,8,1,5,6
724,2,3,7,4,8,1,5,6
725,2,3,7,4,8,1,5,6
726,2,3,7,4,8,1,5,6
727,2,3,7,4,8,1,5,6
728,2,3,7,4,8,1,5,6
729,2,3,7,4,8,1,5,6
730,2,3,7,4,8,1,5,6
731,2,3,7,4,8,1,5,6
732,2,3,7,4,8,1,5,6
733,2,3,7,4,8,1,5,6
734,2,3,7,4,8,1,5,6
735,2,3,7,4,8,1,5,6
736,2,3,7,4,8,1,5,6
737,2,3,7,4,8,1,5,6
738,2,3,7,4,8,1,5,6
739,2,3,7,4,8,1,5,6
740,2,3,7,4,8,1,5,6
741,2,3,7,4,8,1,5,6
742,2,3,7,4,8,1,5,6
743,2,3,7,4,8,1,5,6
744,2,3,7,4,8,1,5,6
745,2,3,7,4,8,1,5,6
746,2,3,7,4,8,1,5,6
747,2,3,7,4,8,1,5,6
748,2,3,7,4,8,1,5,6
749,2,3,7,4,8,1,5,6
750,2,3,7,4,8,1,5,6
751,2,3,7,4,8,1,5,6
752,2,3,7,4,8,1,5,6
753,2,3,7,4,8,1,5,6
754,2,3,7,4,8,1,5,6
755,2,3,7,4,8,1,5,6
756,2,3,7,4,8,1,5,6
757,2,3,7,4,8,1,5,6
758,2,3,7,4,8,1,5,6
759,2,3,7,4,8,1,5,6
760,2,3,7,4,8,1,5,6
761,2,3,7,4,8,1,5,6
762,2,3,7,4,8,1,5,6
763,2,3,7,4,8,1,5,6
764,2,3,7,4,8,1,5,6
765,2,3,7,4,8,1,5,6
766,2,3,7,4,8,1,5,6
767,2,3,7,4,8,1,5,6
768,2,3,7,4,8,1,5,6
769,2,3,7,4,8,1,5,6
770,2,3,7,4,8,1,5,6
771,2,3,7,4,8,1,5,6
772,2,3,7,4,8,1,5,6
773,2,3,7,4,8,1,5,6
774,2,3,7,4,8,1,5,6
775,2,3,7,4,8,1,5,6
776,2,3,7,4,8,1,5,6
777,2,3,7,4,8,1,5,6
778,2,3,7,4,8,1,5,6
779,2,3,7,4,8,1,5,6
780,2,3,7,4,8,1,5,6
781,2,3,7,4,8,1,5,6
782,2,3,7,4,8,1,5,6
783,2,3,7,4,8,1,5,6
784,2,3,7,4,8,1,5,6
785,2,3,7,4,8,1,5,6
786,2,3,7,4,8,1,5,6
787,2,3,7,4,8,1,5,6
788,2,3,7,4,8,1,5,6
789,2,3,7,4,8,1,5,6
790,2,3,7,4,8,1,5,6
791,2,3,7,4,8,1,5,6
792,2,3,7,4,8,1,5,6
793,2,3,7,4,8,1,5,6
794,2,3,7,4,8,1,5,6
795,2,3,7,4,8,1,5,6
796,2,3,7,4,8,1,5,6
797,2,3,7,4,8,1,5,6
798,2,3,7,4,8,1,5,6
799,2,3,7,4,8,1,5,6
800,2,3,7,4,8,1,5,6
801,2,3,7,4,8,1,5,6
802,2,3,7,4,8,1,5,6
803,2,3,7,4,8,1,5,6
804,2,3,7,4,8,1,5,6
805,2,3,7,4,8,1,5,6
806,2,3,7,4,8,1,5,6
807,2,3,7,4,8,1,5,6
808,2,3,7,4,8,1,5,6
809,2,3,7,4,8,1,5,6
810,2,3,7,4,8,1,5,6
811,2,3,7,4,8,1,5,6
812,2,3,7,4,8,1,5,6
813,2,3,7,4,8,1,5,6
814,2,3,7,4,8,1,5,6
815,2,3,7,4,8,1,5,6
816,2,3,7,4,8,1,5,6
817,2,3,7,4,8,1,5,6
818,2,3,7,4,8,1,5,6
819,2,3,7,4,8,1,5,6
820,2,3,7,4,8,1,5,6
821,2,3,7,4,8,1,5,6
822,2,3,7,4,8,1,5,6
823,2,3,7,4,8,1,5,6
824,2,3,7,4,8,1,5,6
825,2,3,7,4,8,1,5,6
826,2,3,7,4,8,1,5,6
827,2,3,7,4,8,1,5,6
828,2,3,7,4,8,1,5,6
829,2,3,7,4,8,1,5,6
830,2,3,7,4,8,1,5,6
831,2,3,7,4,8,1,5,6
832,2,3,7,4,8,1,5,6
833,2,3,7,4,8,1,5,6
834,2,3,7,4,8,1,5,6
835,2,3,7,4,8,1,5,6
836,2,3,7,4,8,1,5,6
837,2,3,7,4,8,1,5,6
838,2,3,7,4,8,1,5,6
839,2,3,7,4,8,1,5,6
840,2,3,7,4,8,1,5,6
841,2,3,7,4,8,1,5,6
842,2,3,7,4,8,1,5,6
843,2,3,7,4,8,1,5,6
844,2,3,7,4,8,1,5,6
845,2,3,7,4,8,1,5,6
846,2,3,7,4,8,1,5,6
847,2,3,7,4,8,1,5,6
848,2,3,7,4,8,1,5,6
849,2,3,7,4,8,1,5,6
850,2,3,7,4,8,1,5,6
851,2,3,7,4,8,1,5,6
852,2,3,7,4,8,1,5,6
853,2,3,7,4,8,1,5,6
854,2,3,7,4,8,1,5,6
855,2,3,7,4,8,1,5,6
856,2,3,7,4,8,1,5,6
857,2,3,7,4,8,1,5,6
858,2,3,7,4,8,1,5,6
859,2,3,7,4,8,1,5,6
860,2,3,7,4,8,1,5,6
861,2,3,7,4,8,1,5,6
862,2,3,7,4,8,1,5,6
863,2,3,7,4,8,1,5,6
864,2,3,7,4,8,1,5,6
865,2,3,7,4,8,1,5,6
866,2,3,7,4,8,1,5,6
867,2,3,7,4,8,1,5,6
868,2,3,7,4,8,1,5,6
869,2,3,7,4,8,1,5,6
870,2,3,7,4,8,1,5,6
871,2,3,7,4,8,1,5,6
872,2,3,7,4,8,1,5,6
873,2,3,7,4,8,1,5,6
874,2,3,7,4,8,1,5,6
875,2,3,7,4,8,1,5,6
876,2,3,7,4,8,1,5,6
877,2,3,7,4,8,1,5,6
878,2,3,7,4,8,1,5,6
879,2,3,7,4,8,1,5,6
880,2,3,7,4,8,1,5,6
881,2,3,7,4,8,1,5,6
882,2,3,7,4,8,1,5,6
883,2,3,7,4,8,1,5,6
884,2,3,7,4,8,1,5,6
885,2,3,7,4,8,1,5,6
886,2,3,7,4,8,1,5,6
887,2,3,7,4,8,1,5,6
888,2,3,7,4,8,1,5,6
889,2,3,7,4,8,1,5,6
890,2,3,7,4,8,1,5,6
891,2,3,7,4,8,1,5,6
892,2,3,7,4,8,1,5,6
893,2,3,7,4,8,1,5,6
894,2,3,7,4,8,1,5,6
895,2,3,7,4,8,1,5,6
896,2,3,7,4,8,1,5,6
897,2,3,7,4,8,1,5,6
898,2,3,7,4,8,1,5,6
899,2,3,7,4,8,1,5,6
900,2,3,7,4,8,1,5,6
901,2,3,7,4,8,1,5,6
902,2,3,7,4,8,1,5,6
903,2,3,7,4,8,1,5,6
904,2,3,7,4,8,1,5,6
905,2,3,7,4,8,1,5,6
906,2,3,7,4,8,1,5,6
907,2,3,7,4,8,1,5,6
908,2,3,7,4,8,1,5,6
909,2,3,7,4,8,1,5,6
910,2,3,7,4,8,1,5,6
911,2,3,7,4,8,1,5,6
912,2,3,7,4,8,1,5,6
913,2,3,7,4,8,1,5,6
914,2,3,7,4,8,1,5,6
915,2,3,7,4,8,1,5,6
916,2,3,7,4,8,1,5,6
917,2,3,7,4,8,1,5,6
918,2,3,7,4,8,1,5,6
919,2,3,7,4,8,1,5,6
920,2,3,7,4,8,1,5,6
921,2,3,7,4,8,1,5,6
922,2,3,7,4,8,1,5,6
923,2,3,7,4,8,1,5,6
924,2,3,7,4,8,1,5,6
925,2,3,7,4,8,1,5,6
926,2,3,7,4,8,1,5,6
927,2,3,7,4,8,1,5,6
928,2,3,7,4,8,1,5,6
929,2,3,7,4,8,1,5,6
930,2,3,7,4,8,1,5,6
931,2,3,7,4,8,1,5,6
932,2,3,7,4,8,1,5,6
933,2,3,7,4,8,1,5,6
934,2,3,7,4,8,1,5,6
935,2,3,7,4,8,1,5,6
936,2,3,7,4,8,1,5,6
937,2,3,7,4,8,1,5,6
938,2,3,7,4,8,1,5,6
939,2,3,7,4,8,1,5,6
940,2,3,7,4,8,1,5,6
941,2,3,7,4,8,1,5,6
942,2,3,7,4,8,1,5,6
943,2,3,7,4,8,1,5,6
944,2,3,7,4,8,1,5,6
945,2,3,7,4,8,1,5,6
946,2,3,7,4,8,1,5,6
947,2,3,7,4,8,1,5,6
948,2,3,7,4,8,1,5,6
949,2,3,7,4,8,1,5,6
950,2,3,7,4,8,1,5,6
951,2,3,7,4,8,1,5,6
952,2,3,7,4,8,1,5,6
953,2,3,7,4,8,1,5,6
954,2,3,7,4,8,1,5,6
955,2,3,7,4,8,1,5,6
956,2,3,7,4,8,1,5,6
957,2,3,7,4,8,1,5,6
958,2,3,7,4,8,1,5,6
959,2,3,7,4,8,1,5,6
960,2,3,7,4,8,1,5,6
961,2,3,7,4,8,1,5,6
962,2,3,7,4,8,1,5,6
963,2,3,7,4,8,1,5,6
964,2,3,7,4,8,1,5,6
965,2,3,7,4,8,1,5,6
966,2,3,7,4,8,1,5,6
967,2,3,7,4,8,1,5,6
968,2,3,7,4,8,1,5,6
969,2,3,7,4,8,1,5,6
970,2,3,7,4,8,1,5,6
971,2,3,7,4,8,1,5,6
972,2,3,7,4,8,1,5,6
973,2,3,7,4,8,1,5,6
974,2,3,7,4,8,1,5,6
975,2,3,7,4,8,1,5,6
976,2,3,7,4,8,1,5,6
977,2,3,7,4,8,1,5,6
978,2,3,7,4,8,1,5,6
979,2,3,7,4,8,1,5,6
980,2,3,7,4,8,1,5,6
981,2,3,7,4,8,1,5,6
982,2,3,7,4,8,1,5,6
983,2,3,7,4,8,1,5,6
984,2,3,7,4,8,1,5,6
985,2,3,7,4,8,1,5,6
986,2,3,7,4,8,1,5,6
987,2,3,7,4,8,1,5,6
988,2,3,7,4,8,1,5,6
989,2,3,7,4,8,1,5,6
990,2,3,7,4,8,1,5,6
991,2,3,7,4,8,1,5,6
992,2,3,7,4,8,1,5,6
993,2,3,7,4,8,1,5,6
994,2,3,7,4,8,1,5,6
995,2,3,7,4,8,1,5,6
996,2,3,7,4,8,1,5,6
997,2,3,7,4,8,1,5,6
998,2,3,7,4,8,1,5,6
999,2,3,7,4,8,1,5,6
1000,2,3,7,4,8,1,5,6
1001,2,3,7,4,8,1,5,6
1002,2,3,7,4,8,1,5,6
1003,2,3,7,4,8,1,5,6
1004,2,3,7,4,8,1,5,6
1005,2,3,7,4,8,1,5,6
1006,2,3,7,4,8,1,5,6
1007,2,3,7,4,8,1,5,6
1008,2,3,7,4,8,1,5,6
1009,2,3,7,4,8,1,5,6
1010,2,3,7,4,8,1,5,6
1011,2,3,7,4,8,1,5,6
1012,2,3,7,4,8,1,5,6
1013,2,3,7,4,8,1,5,6
1014,2,3,7,4,8,1,5,6
1015,2,3,7,4,8,1,5,6
1016,2,3,7,4,8,1,5,6
1017,2,3,7,4,8,1,5,6
1018,2,3,7,4,8,1,5,6
1019,2,3,7,4,8,1,5,6
1020,2,3,7,4,8,1,5,6
1021,2,3,7,4,8,1,5,6
1022,2,3,7,4,8,1,5,6
1023,2,3,7,4,8,1,5,6
1024,2,3,7,4,8,1,5,6
1025,2,3,7,4,8,1,5,6
1026,2,3,7,4,8,1,5,6
1027,2,3,7,4,8,1,5,6
1028,2,3,7,4,8,1,5,6
1029,2,3,7,4,8,1,5,6
1030,2,3,7,4,8,1,5,6
1031,2,3,7,4,8,1,5,6
1032,2,3,7,4,8,1,5,6
1033,2,3,7,4,8,1,5,6
1034,2,3,7,4,8,1,5,6
1035,2,3,7,4,8,1,5,6
1036,2,3,7,4,8,1,5,6
1037,2,3,7,4,8,1,5,6
1038,2,3,7,4,8,1,5,6
1039,2,3,7,4,8,1,5,6
1040,2,3,7,4,8,1,5,6
1041,2,3,7,4,8,1,5,6
1042,2,3,7,4,8,1,5,6
1043,2,3,7,4,8,1,5,6
1044,2,3,7,4,8,1,5,6
1045,2,3,7,4,8,1,5,6
1046,2,3,7,4,8,1,5,6
1047,2,3,7,4,8,1,5,6
1048,2,3,7,4,8,1,5,6
1049,2,3,7,4,8,1,5,6
1050,2,3,7,4,8,1,5,6
1051,2,3,7,4,8,1,5,6
1052,2,3,7,4,8,1,5,6
1053,2,3,7,4,8,1,5,6
1054,2,3,7,4,8,1,5,6
1055,2,3,7,4,8,1,5,6
1056,2,3,7,4,8,1,5,6
1057,2,3,7,4,8,1,5,6
1058,2,3,7,4,8,1,5,6
1059,2,3,7,4,8,1,5,6
1060,2,3,7,4,8,1,5,6
1061,2,3,7,4,8,1,5,6
1062,2,3,7,4,8,1,5,6
1063,2,3,7,4,8,1,5,6
1064,2,3,7,4,8,1,5,6
1065,2,3,7,4,8,1,5,6
1066,2,3,7,4,8,1,5,6
1067,2,3,7,4,8,1,5,6
1068,2,3,7,4,8,1,5,6
1069,2,3,7,4,8,1,5,6
1070,2,3,7,4,8,1,5,6
1071,2,3,7,4,8,1,5,6
1072,2,3,7,4,8,1,5,6
1073,2,3,7,4,8,1,5,6
1074,2,3,7,4,8,1,5,6
1075,2,3,7,4,8,1,5,6
1076,2,3,7,4,8,1,5,6
1077,2,3,7,4,8,1,5,6
1078,2,3,7,4,8,1,5,6
1079,2,3,7,4,8,1,5,6
1080,2,3,7,4,8,1,5,6
1081,2,3,7,4,8,1,5,6
1082,2,3,7,4,8,1,5,6
1083,2,3,7,4,8,1,5,6
1084,2,3,7,4,8,1,5,6
1085,2,3,7,4,8,1,5,6
1086,2,3,7,4,8,1,5,6
1087,2,3,7,4,8,1,5,6
1088,2,3,7,4,8,1,5,6
1089,2,3,7,4,8,1,5,6
1090,2,3,7,4,8,1,5,6
1091,2,3,7,4,8,1,5,6
1092,2,3,7,4,8,1,5,6
1093,2,3,7,4,8,1,5,6
1094,2,3,7,4,8,1,5,6
1095,2,3,7,4,8,1,5,6
1096,2,3,7,4,8,1,5,6
1097,3,2,7,4,8,1,5,6
1098,3,2,7,4,8,1,5,6
1099,3,2,7,4,8,1,5,6
1100,3,2,7,4,8,1,5,6
1101,3,2,7,4,8,1,5,6
1102,3,2,7,4,8,1,5,6
1103,3,2,7,4,8,1,5,6
1104,3,2,7,4,8,1,5,6
1105,3,2,7,4,8,1,5,6
1106,3,2,7,4,8,1,5,6
1107,3,2,7,4,8,1,5,6
1108,3,2,7,4,8,1,5,6
1109,3,2,7,4,8,1,5,6
1110,3,2,7,4,8,1,5,6
1111,3,2,7,4,8,1,5,6
1112,3,2,7,4,8,1,5,6
1113,3,2,7,4,8,1,5,6
1114,3,2,7,4,8,1,5,6
1115,3,2,7,4,8,1,5,6
1116,3,2,7,4,8,1,5,6
1117,3,2,7,4,8,1,5,6
1118,3,2,7,4,8,1,5,6
1119,3,2,7,4,8,1,5,6
1120,3,2,7,4,8,1,5,6
1121,3,2,7,4,8,1,5,6
1122,3,2,7,4,8,1,5,6
1123,3,2,7,4,8,1,5,6
1124,3,2,7,4,8,1,5,6
1125,3,2,7,4,8,1,5,6
1126,3,2,7,4,8,1,5,6
1127,3,2,7,4,8,1,5,6
1128,3,2,7,4,8,1,5,6
1129,3,2,7,4,8,1,5,6
1130,3,2,7,4,8,1,5,6
1131,3,2,7,4,8,1,5,6
1132,3,2,7,4,8,1,5,6
1133,3,2,7,4,8,1,5,6
1134,3,2,7,4,8,1,5,6
1135,3,2,7,4,8,1,5,6
1136,3,2,7,4,8,1,5,6
1137,3,2,7,4,8,1,5,6
1138,3,2,7,4,8,1,5,6
1139,3,2,7,4,8,1,5,6
1140,3,2,7,4,8,1,5,6
1141,3,2,7,4,8,1,5,6
1142,3,2,7,4,8,1,5,6
1143,3,2,7,4,8,1,5,6
1144,3,2,7,4,8,1,5,6
1145,3,2,7,4,8,1,5,6
1146,3,2,7,4,8,1,5,6
1147,3,2,7,4,8,1,5,6
1148,3,2,7,4,8,1,5,6
1149,3,2,7,4,8,1,5,6
1150,3,2,7,4,8,1,5,6
1151,3,2,7,4,8,1,5,6
1152,3,2,7,4,8,1,5,6
1153,3,2,7,4,8,1,5,6
1154,3,2,7,4,8,1,5,6
1155,3,2,7,4,8,1,5,6
1156,3,2,7,4,8,1,5,6
1157,3,2,7,4,8,1,5,6
1158,3,2,7,4,8,1,5,6
1159,3,2,7,4,8,1,5,6
1160,3,2,7,4,8,1,5,6
1161,3,2,7,4,8,1,5,6
1162,3,2,7,4,8,1,5,6
1163,3,2,7,4,8,1,5,6
1164,3,2,7,4,8,1,5,6
1165,3,2,7,4,8,1,5,6
1166,3,2,7,4,8,1,5,6
1167,3,2,7,4,8,1,5,6
1168,3,2,7,4,8,1,5,6
1169,3,2,7,4,8,1,5,6
1170,3,2,7,4,8,1,5,6
1171,3,2,7,4,8,1,5,6
1172,3,2,7,4,8,1,5,6
1173,3,2,7,4,8,1,5,6
1174,3,2,7,4,8,1,5,6
1175,3,2,7,4,8,1,5,6
1176,3,2,7,4,8,1,5,6
1177,3,2,7,4,8,1,5,6
1178,3,2,7,4,8,1,5,6
1179,3,2,7,4,8,1,5,6
1180,3,2,7,4,8,1,5,6
1181,3,2,7,4,8,1,5,6
1182,3,2,7,4,8,1,5,6
1183,3,2,7,4,8,1,5,6
1184,3,2,7,4,8,1,5,6
1185,3,2,7,4,8,1,5,6
1186,3,2,7,4,8,1,5,6
1187,3,2,7,4,8,1,5,6
1188,3,2,7,4,8,1,5,6
1189,3,2,7,4,8,1,5,6
1190,3,2,7,4,8,1,5,6
1191,3,2,7,4,8,1,5,6
1192,3,2,7,4,8,1,5,6
1193,3,2,7,4,8,1,5,6
1194,3,2,7,4,8,1,5,6
1195,3,2,7,4,8,1,5,6
1196,3,2,7,4,8,1,5,6
1197,3,2,7,4,8,1,5,6
1198,3,2,7,4,8,1,5,6
1199,3,2,7,4,8,1,5,6
1200,3,2,7,4,8,1,5,6
1201,3,2,7,4,8,1,5,6
1202,3,2,7,4,8,1,5,6
1203,3,2,7,4,8,1,5,6
1204,3,2,7,4,8,1,5,6
1205,3,2,7,4,8,1,5,6
1206,3,2,7,4,8,1,5,6
1207,3,2,7,4,8,1,5,6
1208,3,2,7,4,8,1,5,6
1209,3,2,7,4,8,1,5,6
1210,3,2,7,4,8,1,5,6
1211,3,2,7,4,8,1,5,6
1212,3,2,7,4,8,1,5,6
1213,3,2,7,4,8,1,5,6
1214,3,2,7,4,8,1,5,6
1215,3,2,7,4,8,1,5,6
1216,3,2,7,4,8,1,5,6
1217,3,2,7,4,8,1,5,6
1218,3,2,7,4,8,1,5,6
1219,3,2,7,4,8,1,5,6
1220,3,2,7,4,8,1,5,6
1221,3,2,7,4,8,1,5,6
1222,3,2,7,4,8,1,5,6
1223,3,2,7,4,8,1,5,6
1224,3,2,7,4,8,1,5,6
1225,3,2,7,4,8,1,5,6
1226,3,2,7,4,8,1,5,6
1227,3,2,7,4,8,1,5,6
1228,3,2,7,4,8,1,5,6
1229,3,2,7,4,8,1,5,6
1230,3,2,7,4,8,1,5,6
1231,3,2,7,4,8,1,5,6
1232,3,2,7,4,8,1,5,6
1233,3,2,7,4,8,1,5,6
1234,3,2,7,4,8,1,5,6
1235,3,2,7,4,8,1,5,6
1236,3,2,7,4,8,1,5,6
1237,3,2,7,4,8,1,5,6
1238,3,2,7,4,8,1,5,6
1239,3,2,7,4,8,1,5,6
1240,3,2,7,4,8,1,5,6
1241,3,2,7,4,8,1,5,6
1242,3,2,7,4,8,1,5,6
1243,3,2,7,4,8,1,5,6
1244,3,2,7,4,8,1,5,6
1245,3,2,7,4,8,1,5,6
1246,3,2,7,4,8,1,5,6
1247,3,2,7,4,8,1,5,6
1248,3,2,7,4,8,1,5,6
1249,3,2,7,4,8,1,5,6
1250,3,2,7,4,8,1,5,6
1251,3,2,7,4,8,1,5,6
1252,3,2,7,4,8,1,5,6
1253,3,2,7,4,8,1,5,6
1254,3,2,7,4,8,1,5,6
1255,3,2,7,4,8,1,5,6
1256,3,2,7,4,8,1,5,6
1257,3,2,7,4,8,1,5,6
1258,3,2,7,4,8,1,5,6
1259,3,2,7,4,8,1,5,6
1260,3,2,7,4,8,1,5,6
1261,3,2,7,4,8,1,5,6
1262,3,2,7,4,8,1,5,6
1263,3,2,7,4,8,1,5,6
1264,3,2,7,4,8,1,5,6
1265,3,2,7,4,8,1,5,6
1266,3,2,7,4,8,1,5,6
1267,3,2,7,4,8,1,5,6
1268,3,2,7,4,8,1,5,6
1269,3,2,7,4,8,1,5,6
1270,3,2,7,4,8,1,5,6
1271,3,2,7,4,8,1,5,6
1272,3,2,7,4,8,1,5,6
1273,3,2,7,4,8,1,5,6
1274,3,2,7,4,8,1,5,6
1275,3,2,7,4,8,1,5,6
1276,3,2,7,4,8,1,5,6
1277,3,2,7,4,8,1,5,6
1278,3,2,7,4,8,1,5,6
1279,3,2,7,4,8,1,5,6
1280,3,2,7,4,8,1,5,6
1281,3,2,7,4,8,1,5,6
1282,3,2,7,4,8,1,5,6
1283,3,2,7,4,8,1,5,6
1284,3,2,7,4,8,1,5,6
1285,3,2,7,4,8,1,5,6
1286,3,2,7,4,8,1,5,6
1287,3,2,7,4,8,1,5,6
1288,3,2,7,4,8,1,5,6
1289,3,2,7,4,8,1,5,6
1290,3,2,7,4,8,1,5,6
1291,3,2,7,4,8,1,5,6
1292,3,2,7,4,8,1,5,6
1293,3,2,7,4,8,1,5,6
1294,3,2,7,4,8,1,5,6
1295,3,2,7,4,8,1,5,6
1296,3,2,7,4,8,1,5,6
1297,3,2,7,4,8,1,5,6
1298,3,2,7,4,8,1,5,6
1299,3,2,7,4,8,1,5,6
1300,3,2,7,4,8,1,5,6
1301,3,2,7,4,8,1,5,6
1302,3,2,7,4,8,1,5,6
1303,3,2,7,4,8,1,5,6
1304,3,2,7,4,8,1,5,6
1305,3,2,7,4,8,1,5,6
1306,3,2,7,4,8,1,5,6
1307,3,2,7,4,8,1,5,6
1308,3,2,7,4,8,1,5,6
1309,3,2,7,4,8,1,5,6
1310,3,2,7,4,8,1,5,6
1311,3,2,7,4,8,1,5,6
1312,3,2,7,4,8,1,5,6
1313,3,2,7,4,8,1,5,6
1314,3,2,7,4,8,1,5,6
1315,3,2,7,4,8,1,5,6
1316,3,2,7,4,8,1,5,6
1317,3,2,7,4,8,1,5,6
1318,3,2,7,4,8,1,5,6
1319,3,2,7,4,8,1,5,6
1320,3,2,7,4,8,1,5,6
1321,3,2,7,4,8,1,5,6
1322,3,2,7,4,8,1,5,6
1323,3,2,7,4,8,1,5,6
1324,3,2,7,4,8,1,5,6
1325,3,2,7,4,8,1,5,6
1326,3,2,7,4,8,1,5,6
1327,3,2,7,4,8,1,5,6
1328,3,2,7,4,8,1,5,6
1329,3,2,7,4,8,1,5,6
1330,3,2,7,4,8,1,5,6
1331,3,2,7,4,8,1,5,6
1332,3,2,7,4,8,1,5,6
1333,3,2,7,4,8,1,5,6
1334,3,2,7,4,8,1,5,6
1335,3,2,7,4,8,1,5,6
1336,3,2,7,4,8,1,5,6
1337,3,2,7,4,8,1,5,6
1338,3,2,7,4,8,1,5,6
1339,3,2,7,4,8,1,5,6
1340,3,2,7,4,8,1,5,6
1341,3,2,7,4,8,1,5,6
