Season,Date,Complex,Usage,Occupants,Max Beds,% Occupied,SqFt,Usage/SqFt,Usage/Occupant,[Maximum Air Temperature(°„F)],[Minimum Air Temperature(°„F)], [Maximum Relative Humidity(%)], [Minimum Relative Humidity(%)], [Avg  temp(°„F)], [Avg Humidity(%)]
Summer,05/11/14,Willkie,9100.242033,5,852,0.6%,325344,0.027971138,1820.048407,83.5,57.53,93.6,49.93,70.515,71.765
Summer,05/12/14,Willkie,8190.676948,5,852,0.6%,325344,0.025175436,1638.13539,82,65.64,92.3,55.47,73.82,73.885
Summer,05/13/14,Willkie,6451.670974,5,852,0.6%,325344,0.019830306,1290.334195,81.5,56.63,92.3,53.58,69.065,72.94
Summer,05/14/14,Willkie,5985.099107,5,852,0.6%,325344,0.018396218,1197.019821,60.75,51.57,93.9,83.9,56.16,88.9
Summer,05/15/14,Willkie,5457.388496,5,852,0.6%,325344,0.01677421,1091.477699,57.11,44,94.3,52.12,50.555,73.21
Summer,05/16/14,Willkie,5764.076336,9,852,1.1%,325344,0.017716867,640.4529262,55.98,44.19,93.5,45.29,50.085,69.395
Summer,05/17/14,Willkie,6116.008867,20,852,2.3%,325344,0.018798591,305.8004434,58.71,40.84,89.5,33.66,49.775,61.58
Summer,05/18/14,Willkie,6458.244699,52,852,6.1%,325344,0.019850511,124.1970135,67.99,37.39,92.5,26.48,52.69,59.49
Summer,05/19/14,Willkie,6968.777825,59,852,6.9%,325344,0.021419721,118.1148784,73.8,43.29,81,25.22,58.545,53.11
Summer,05/20/14,Willkie,8649.910208,53,852,6.2%,325344,0.026586967,163.205853,82.2,57.18,77.8,44.89,69.69,61.345
Summer,05/21/14,Willkie,9228.443659,53,852,6.2%,325344,0.028365188,174.1215785,85.3,63.79,92.5,49.5,74.545,71
Summer,05/22/14,Willkie,9198.253429,53,852,6.2%,325344,0.028272393,173.5519515,79.2,59.32,94.7,27.34,69.26,61.02
Summer,05/23/14,Willkie,8643.976936,52,852,6.1%,325344,0.02656873,166.2303257,76,55.63,82.6,30.33,65.815,56.465
Summer,05/24/14,Willkie,8557.546728,49,852,5.8%,325344,0.026303072,174.6438108,77.1,52.11,83,28.53,64.605,55.765
Summer,05/25/14,Willkie,8623.119537,42,852,4.9%,325344,0.026504621,205.3123699,79,58.08,80,30.49,68.54,55.245
Summer,05/26/14,Willkie,9115.78142,5,852,0.6%,325344,0.028018901,1823.156284,86.2,58.25,85.9,39.68,72.225,62.79
Summer,05/27/14,Willkie,9714.977356,5,852,0.6%,325344,0.029860632,1942.995471,85.7,65.4,90.2,38.25,75.55,64.225
Summer,05/28/14,Willkie,9799.081812,5,852,0.6%,325344,0.030119141,1959.816362,84.7,63.74,86,41.04,74.22,63.52
Summer,05/29/14,Willkie,9915.198225,7,852,0.8%,325344,0.030476045,1416.456889,83.9,64.45,91.5,46.48,74.175,68.99
Summer,05/30/14,Willkie,8440.817261,7,852,0.8%,325344,0.025944284,1205.831037,87.4,64.81,88.4,40.11,76.105,64.255
Summer,05/31/14,Willkie,7639.461814,7,852,0.8%,325344,0.023481182,1091.351688,86.2,62.43,67.43,23.86,74.315,45.645
Summer,06/01/14,Willkie,9212.982994,66,852,7.7%,325344,0.028317667,139.5906514,87.5,60.58,91.7,40.64,74.04,66.17
Summer,06/02/14,Willkie,9547.804807,70,852,8.2%,325344,0.029346798,136.3972115,76.5,65.88,93.7,71.4,71.19,82.55
Summer,06/03/14,Willkie,9379.206336,70,852,8.2%,325344,0.028828582,133.9886619,86.8,66.24,93.9,40.74,76.52,67.32
Summer,06/04/14,Willkie,12148.89391,81,852,9.5%,325344,0.037341687,149.9863445,82.5,63.43,94.1,54.11,72.965,74.105
Summer,06/05/14,Willkie,10848.88414,84,852,9.9%,325344,0.033345887,129.1533826,77.7,57.78,86.7,31.88,67.74,59.29
Summer,06/06/14,Willkie,10366.27351,82,852,9.6%,325344,0.031862501,126.4179696,81.7,56.29,85,30.92,68.995,57.96
Summer,06/07/14,Willkie,9938.769692,63,852,7.4%,325344,0.030548495,157.7582491,83,57.43,80.7,27.24,70.215,53.97
Summer,06/08/14,Willkie,10222.19066,124,852,14.6%,325344,0.031419638,82.43702145,76.2,60.52,93.5,48.64,68.36,71.07
Summer,06/09/14,Willkie,9811.547333,126,852,14.8%,325344,0.030157456,77.86942328,75.3,61.47,87.2,45.9,68.385,66.55
Summer,06/10/14,Willkie,10255.83409,122,852,14.3%,325344,0.031523047,84.06421382,74.3,61.89,92.9,74.6,68.095,83.75
Summer,06/11/14,Willkie,10420.53767,116,852,13.6%,325344,0.032029291,89.83222129,76.7,63.56,94.3,64.69,70.13,79.495
Summer,06/12/14,Willkie,10278.18915,116,852,13.6%,325344,0.031591759,88.60507885,80.8,63.03,90.3,47.05,71.915,68.675
Summer,06/13/14,Willkie,9928.434899,116,852,13.6%,325344,0.03051673,85.58995603,77.7,58.01,85.5,26.01,67.855,55.755
Summer,06/14/14,Willkie,9442.116103,126,852,14.8%,325344,0.029021946,74.93742939,77.3,50.27,73.1,27.51,63.785,50.305
Summer,06/15/14,Willkie,10323.90065,134,852,15.7%,325344,0.031732261,77.04403469,85.9,54.57,83,36.89,70.235,59.945
Summer,06/16/14,Willkie,11095.58644,157,852,18.4%,325344,0.034104168,70.67252508,86.7,67.77,91,52.52,77.235,71.76
Summer,06/17/14,Willkie,11131.81542,210,852,24.6%,325344,0.034215524,53.00864487,90.3,69.05,86.7,46.05,79.675,66.375
Summer,06/18/14,Willkie,11199.97468,221,852,25.9%,325344,0.034425023,50.67861846,90.4,70.8,89.1,45.92,80.6,67.51
Summer,06/19/14,Willkie,11262.9497,222,852,26.1%,325344,0.034618587,50.73400766,90.6,71.3,89.8,44.63,80.95,67.215
Summer,06/20/14,Willkie,11207.52627,223,852,26.2%,325344,0.034448234,50.25796535,87,71,89.8,53.72,79,71.76
Summer,06/21/14,Willkie,10938.80251,200,852,23.5%,325344,0.033622266,54.69401256,89,67.91,93.2,37.09,78.455,65.145
Summer,06/22/14,Willkie,11118.49651,187,852,21.9%,325344,0.034174586,59.45720057,89,70.1,85.2,40.74,79.55,62.97
Summer,06/23/14,Willkie,11195.47513,141,852,16.5%,325344,0.034411193,79.40053286,89.5,69.05,92.7,44.29,79.275,68.495
Summer,06/24/14,Willkie,11118.63796,135,852,15.8%,325344,0.034175021,82.36028118,81.6,68.39,92.5,62.45,74.995,77.475
Summer,06/25/14,Willkie,11704.02245,134,852,15.7%,325344,0.035974299,87.34345115,87.1,67.26,93.3,36.99,77.18,65.145
Summer,06/26/14,Willkie,11499.31393,147,852,17.3%,325344,0.035345093,78.22662539,88.3,66.6,87.9,36.93,77.45,62.415
Summer,06/27/14,Willkie,11668.29116,148,852,17.4%,325344,0.035864473,78.83980514,88.2,67.14,91.4,42.77,77.67,67.085
Summer,06/28/14,Willkie,12059.51465,134,852,15.7%,325344,0.037066965,89.99637798,84.2,68.75,93.2,59.13,76.475,76.165
Summer,06/29/14,Willkie,12123.93029,133,852,15.6%,325344,0.037264957,91.15737057,81.6,69.64,91.3,62.41,75.62,76.855
Summer,06/30/14,Willkie,11883.69556,133,852,15.6%,325344,0.036526555,89.3510944,88,68.01,92,59.65,78.005,75.825
Summer,07/01/14,Willkie,11831.29465,135,852,15.8%,325344,0.036365492,87.6392196,89,66.85,91.5,44.66,77.925,68.08
Summer,07/02/14,Willkie,10645.12148,135,852,15.8%,325344,0.032719588,78.85275173,82.6,64.58,92.7,41.84,73.59,67.27
Summer,07/03/14,Willkie,9462.748373,134,852,15.7%,325344,0.029085363,70.61752517,73,58.8,88.8,46.43,65.9,67.615
Summer,07/04/14,Willkie,9569.06143,133,852,15.6%,325344,0.029412134,71.9478303,79.7,55.77,90.9,30.39,67.735,60.645
Summer,07/05/14,Willkie,10004.72561,134,852,15.7%,325344,0.030751222,74.6621314,81.2,56,84.4,30.82,68.6,57.61
Summer,07/06/14,Willkie,10703.14251,125,852,14.7%,325344,0.032897925,85.62514011,84.7,64.22,83.5,42.34,74.46,62.92
Summer,07/07/14,Willkie,11228.6807,129,852,15.1%,325344,0.034513256,87.04403641,82.2,67.73,92.7,57.46,74.965,75.08
Summer,07/08/14,Willkie,11045.12394,129,852,15.1%,325344,0.033949063,85.62111584,83.3,68.09,93.5,46.98,75.695,70.24
Summer,07/09/14,Willkie,10469.0485,128,852,15.0%,325344,0.032178397,81.78944144,82.4,63.03,90,39.25,72.715,64.625
Summer,07/10/14,Willkie,10054.23446,126,852,14.8%,325344,0.030903396,79.79551162,81,60.89,86.7,34.74,70.945,60.72
Summer,07/11/14,Willkie,10091.15269,168,852,19.7%,325344,0.03101687,60.06638509,84.8,58.62,84.4,34.31,71.71,59.355
Summer,07/12/14,Willkie,10523.26283,155,852,18.2%,325344,0.032345034,67.89201825,82,67.68,86.9,59.44,74.84,73.17
Summer,07/13/14,Willkie,11765.60302,183,852,21.5%,325344,0.036163578,64.29291268,89.8,72.5,87.6,50.07,81.15,68.835
Summer,07/14/14,Willkie,11247.94058,224,852,26.3%,325344,0.034572454,50.21402045,85.5,66.11,94,47.74,75.805,70.87
Summer,07/15/14,Willkie,9906.399012,225,852,26.4%,325344,0.030448999,44.02844005,72.4,57.19,92.6,43.61,64.795,68.105
Summer,07/16/14,Willkie,9599.328387,222,852,26.1%,325344,0.029505165,43.24021796,73.8,54.75,87,39.42,64.275,63.21
Summer,07/17/14,Willkie,9789.036515,223,852,26.2%,325344,0.030088265,43.89702473,77.7,53.38,91.8,32.78,65.54,62.29
Summer,07/18/14,Willkie,9651.259388,208,852,24.4%,325344,0.029664784,46.40028552,79.6,57.13,81.3,38.29,68.365,59.795
Summer,07/19/14,Willkie,9562.339826,183,852,21.5%,325344,0.029391474,52.25322309,75.2,55.69,93,56.78,65.445,74.89
Summer,07/20/14,Willkie,10043.51981,106,852,12.4%,325344,0.030870463,94.75018691,83,59.68,91.7,40.41,71.34,66.055
Summer,07/21/14,Willkie,10414.27063,106,852,12.4%,325344,0.032010028,98.24783617,86.3,62.55,89.6,34.31,74.425,61.955
Summer,07/22/14,Willkie,11671.65448,106,852,12.4%,325344,0.035874811,110.1099479,89.6,65.17,90.2,36.62,77.385,63.41
Summer,07/23/14,Willkie,11791.83083,106,852,12.4%,325344,0.036244193,111.2436871,79.6,64.15,92,65.53,71.875,78.765
Summer,07/24/14,Willkie,11031.92962,106,852,12.4%,325344,0.033908508,104.0748078,77.4,58.19,91.3,37.92,67.795,64.61
Summer,07/25/14,Willkie,10690.11687,106,852,12.4%,325344,0.032857888,100.8501592,76.3,54.38,91,41.07,65.34,66.035
Summer,07/26/14,Willkie,11681.44865,106,852,12.4%,325344,0.035904915,110.2023457,87.1,66.06,92.5,59.75,76.58,76.125
Summer,07/27/14,Willkie,11917.52244,117,852,13.7%,325344,0.036630528,101.8591662,86.3,67.42,94.3,45.35,76.86,69.825
Summer,07/28/14,Willkie,10869.8883,117,852,13.7%,325344,0.033410446,92.9050282,75.4,56.99,84.5,46.22,66.195,65.36
Summer,07/29/14,Willkie,10526.4076,117,852,13.7%,325344,0.0323547,89.9692957,76.3,53.72,83,43.56,65.01,63.28
Summer,07/30/14,Willkie,10821.51969,117,852,13.7%,325344,0.033261777,92.4916213,80,58.19,88.5,42.4,69.095,65.45
Summer,07/31/14,Willkie,11182.47997,117,852,13.7%,325344,0.03437125,95.57675186,83.2,59.86,92.9,35.4,71.53,64.15
Summer,08/01/14,Willkie,11173.53775,106,852,12.4%,325344,0.034343765,105.4107335,83.6,61.41,92.7,37.69,72.505,65.195
Summer,08/02/14,Willkie,10879.10678,106,852,12.4%,325344,0.033438781,102.6330829,82.4,62.24,87.8,42.96,72.32,65.38
Summer,08/03/14,Willkie,10853.12658,4,852,0.5%,325344,0.033358926,2713.281644,85.3,60.94,90.6,30.95,73.12,60.775
Summer,08/04/14,Willkie,10856.52392,4,852,0.5%,325344,0.033369369,2714.130979,85.8,60.52,91.5,32.18,73.16,61.84
Summer,08/05/14,Willkie,11045.76493,4,852,0.5%,325344,0.033951033,2761.441233,84,62.43,92.6,47.84,73.215,70.22
Summer,08/06/14,Willkie,11451.9942,4,852,0.5%,325344,0.035199648,2862.99855,80.7,65.16,94.2,57.43,72.93,75.815
Summer,08/07/14,Willkie,11089.21804,4,852,0.5%,325344,0.034084594,2772.30451,78.7,64.92,90.9,51.23,71.81,71.065
Summer,08/08/14,Willkie,11003.25159,4,852,0.5%,325344,0.033820361,2750.812896,70.1,62.84,92.5,66.51,66.47,79.505
Summer,08/09/14,Willkie,11293.91047,4,852,0.5%,325344,0.034713751,2823.477617,79.8,65.28,92.3,69.24,72.54,80.77
Summer,08/10/14,Willkie,11972.5916,0,852,0.0%,325344,0.036799792,null,78.1,69.27,92.9,79.3,73.685,86.1
Summer,08/11/14,Willkie,12108.91995,0,852,0.0%,325344,0.037218821,null,80.6,68.73,94.4,64.66,74.665,79.53
Summer,08/12/14,Willkie,10901.65236,0,852,0.0%,325344,0.033508079,null,75.7,61.17,92.1,45.22,68.435,68.66
Summer,08/13/14,Willkie,10831.05389,0,852,0.0%,325344,0.033291082,null,80.4,56.29,93.5,32.74,68.345,63.12
Summer,08/14/14,Willkie,11528.15827,0,852,0.0%,325344,0.035433751,null,82.2,63.15,79.2,44.06,72.675,61.63
Summer,08/15/14,Willkie,10826.69011,0,852,0.0%,325344,0.03327767,null,76.1,52.36,88.5,17.52,64.23,53.01
Summer,08/16/14,Willkie,11408.68898,0,852,0.0%,325344,0.035066542,null,77.9,59.56,84.9,64.13,68.73,74.515
